f1.306102079: 0
p1.306102079: 0
f2.332091747: 60.42945843778224
p2.332091747: 99.4162058169966
f3.341056918: 59.46686934746531
p3.341056918: 91.1825329994468
f4.336581771: 60.26971583802338
p4.336581771: 90.40457375703507
f5.344362989: 59.53673171154495
p5.344362989: 89.30509756731743
f6.342410353: 60.117387374814
p6.342410353: 90.176081062221
f7.358318051: 59.060483662168295
p7.358318051: 89.57506688762192
f8.348718233: 60.58157206598736
p8.348718233: 90.87235809898104
f9.353363299: 59.7225846525981
p9.353363299: 88.58850056802052
f10.372591254: 60.83035663989416
p10.372591254: 91.24553495984124
f11.388084978: 59.084560132643425
p11.388084978: 88.62684019896514
f12.411783591: 60.56470059904242
p12.411783591: 91.82390090822561
f13.421345715: 59.43170665146705
p13.421345715: 88.15703153300946
f14.412302402: 60.54755045010358
p14.412302402: 92.83957735682549
f15.417305984: 59.70127975125963
p15.417305984: 88.55689829770178
f16.41706451: 59.0142504071028
p16.41706451: 89.02149637681609
f17.424721283: 60.53648586947969
p17.424721283: 91.30092950806774
f18.433188955: 59.496205645350614
p18.433188955: 89.24430846802592
f19.451240382: 59.91838760027591
p19.451240382: 89.38644707582144
f20.484807538: 59.986426271463294
p20.484807538: 89.97963940719495
f21.485045862: 59.98570396708775
p21.485045862: 89.97855595063163
f22.514464323: 61.199601898338216
p22.514464323: 92.28511397368462
f23.524534686: 59.40180228810455
p23.524534686: 88.11267339402175
f24.524246978: 60.017267447982924
p24.524246978: 91.0261889627741
f25.517435642: 60.411482908347004
p25.517435642: 90.6172243625205
f26.519673711: 58.86824879728252
p26.519673711: 87.80348973154003
f27.520024316: 59.97897107284701
p27.520024316: 89.96845660927052
f28.535976681: 60.04218514713532
p28.535976681: 90.55542677928605
f29.536230555: 59.98477142613896
p29.536230555: 89.97715713920844
f30.554507246: 60.88718375662003
p30.554507246: 91.33077563493005
f31.539591645: 60.90848668490587
p31.539591645: 91.36273002735881
f32.549968549: 59.38378021356672
p32.549968549: 89.07567032035008
f33.555087278: 59.69444033710767
p33.555087278: 89.54166050566151
f34.586192464: 59.15982271085193
p34.586192464: 89.22465064587503
f35.573861441: 61.761583506738006
p35.573861441: 92.13613277234687
f36.594495738: 58.78697215678615
p36.594495738: 89.16024110445899
f37.583786123: 60.64953314996587
p37.583786123: 89.96347417244938
f38.600170288: 59.032796914934224
p38.600170288: 89.53307532098357
f39.575166624: 61.53869279771324
p39.575166624: 92.30803919656987
f40.590458168: 59.0963259317759
p40.590458168: 88.64448889766385
f41.579888795: 60.64093667882791
p41.579888795: 90.96140501824188
f42.590099761: 59.39353463719973
p42.590099761: 89.09030195579959
f43.609452634: 60.822902100164086
p43.609452634: 91.23435315024612
f44.624583575: 59.105675511076754
p44.624583575: 87.67341867476385
f45.64326051: 60.86326083352422
p45.64326051: 92.27655674760123
f46.643532155: 59.983705726257995
p46.643532155: 89.97555858938699
f47.658453208: 59.11789870024502
p47.658453208: 87.69154973869678
f48.659277066: 59.950609210996646
p48.659277066: 90.92509063667825
f49.692845125: 59.9863738629717
p49.692845125: 89.97956079445756
f50.702450434: 59.42916451125755
p50.702450434: 88.15326069169869
f51.726645785: 60.535326526784836
p51.726645785: 91.77936602448024
f52.755139489: 60.28233304576457
p52.755139489: 90.42349956864685
f53.765739496: 59.37067047734544
p53.765739496: 89.05600571601816
f54.76041257: 60.321327246463696
p54.76041257: 89.47663541558781
f55.771072894: 59.36712718921377
p55.771072894: 90.04014290364088
f56.770299159: 60.04646004776506
p56.770299159: 90.06969007164759
f57.794915968: 60.51042639102361
p57.794915968: 90.76563958653541
f58.823290676: 60.28930847645856
p58.823290676: 90.43396271468784
f59.823568232: 59.98335126095742
p59.823568232: 89.97502689143613
f60.833082254: 59.4345384932157
p60.833082254: 89.15180773982354
f61.82900628: 60.24555933345864
p61.82900628: 90.36833900018796
