f1.306086542: 0
p1.306086542: 0
f2.332075438: 0
p2.332075438: 99.41628062220275
f3.341031515: 29.733702669397772
p3.341031515: 91.18335485281983
f4.336551698: 30.134999282078844
p4.336551698: 90.40499784623654
f5.344332171: 29.76838786198629
p5.344332171: 89.30516358595887
f6.342395993: 29.056258087671672
p6.342395993: 90.17459406518795
f7.358303327: 30.51459415884087
p7.358303327: 89.57509898240384
f8.348681102: 30.291471352939034
p8.348681102: 90.8744140588171
f9.353346893: 28.865320447643267
p9.353346893: 88.58667309793968
f10.372545705: 30.41604801242645
p10.372545705: 91.24814403727936
f11.388066831: 29.541482921350863
p11.388066831: 88.62444876405259
f12.411739895: 31.25998048142449
p12.411739895: 91.82619266418443
f13.421302255: 28.725318166576653
p13.421302255: 88.15701092501111
f14.41219811: 31.284821551705857
p14.41219811: 92.84527686312705
f15.417229345: 28.854824596570875
p15.417229345: 88.5544616929244
f16.41697519: 30.007626588335558
p16.41697519: 89.0226255453955
f17.424639432: 30.764215606650456
p17.424639432: 91.30025276812394
f18.433133373: 29.747327951472542
p18.433133373: 89.24198385441763
f19.451150276: 29.4690588256372
p19.451150276: 89.38947843776619
f20.484784838: 29.99125720024056
p20.484784838: 89.97377160072169
f21.484948684: 29.99508542523342
p21.484948684: 89.98525627570025
f22.514364488: 31.0855923094027
p22.514364488: 92.28535216853926
f23.524430003: 28.71100890915972
p23.524430003: 88.11309630742122
f24.524138303: 31.009045338525247
p24.524138303: 91.02655244534832
f25.517332445: 30.205574853259655
p25.517332445: 90.61672455977897
f26.519646766: 28.93303965872398
p26.519646766: 87.79680999888656
f27.519912173: 29.99203990266555
p27.519912173: 89.97611970799665
f28.535865006: 30.513227576186107
p28.535865006: 90.55538506481038
f29.536084754: 29.993409008357233
p29.536084754: 89.9802270250717
f30.554463364: 29.458592026004943
p30.554463364: 91.32163528061533
f31.539400842: 30.458786136270877
p31.539400842: 91.37635840881262
f32.549830417: 29.690342347708892
p32.549830417: 89.07102704312668
f33.555055765: 29.844054429872973
p33.555055765: 89.53216328961892
f34.586034784: 30.068507145827763
p34.586034784: 89.23556959406949
f35.573711679: 30.374305759172387
p35.573711679: 92.13539413615624
f36.594447911: 30.37023574568283
p36.594447911: 89.15133718893992
f37.583734639: 29.31404938447734
p37.583734639: 89.96380673167184
f38.60000868: 30.503583432571414
p38.60000868: 89.5427771730322
f39.575000205: 30.7694982271769
p39.575000205: 92.30849468153069
f40.590406128: 29.544834553816166
p40.590406128: 88.63450366144849
f41.579710859: 30.324326832719855
p41.579710859: 90.97298049815957
f42.590061707: 29.6926558327588
p42.590061707: 89.0779674982764
f43.609259648: 30.416074005785298
p43.609259648: 91.2482220173559
f44.624402152: 28.56741776226523
p44.624402152: 87.67242002902087
f45.643199984: 31.409568213529532
p45.643199984: 92.265606627243
f46.643313763: 29.996587018325638
p46.643313763: 89.98976105497692
f47.658391839: 28.569230964259344
p47.658391839: 87.67798468341661
f48.659075364: 30.978825198506193
p48.659075364: 90.93784171174399
f49.692628861: 29.99360951318033
p49.692628861: 89.980828539541
f50.702240655: 28.72391167807614
p50.702240655: 88.15269446030263
f51.726435583: 31.24405240171234
p51.726435583: 91.77940393003
f52.755072276: 30.136976651677738
p52.755072276: 90.41092995503321
f53.765523188: 29.68971539708007
p53.765523188: 89.06914619124021
f54.760162239: 29.15630546663505
p54.760162239: 89.4796960872593
f55.770845133: 30.672330741950795
p55.770845133: 90.0381321779846
f56.77024915: 30.01789015222659
p56.77024915: 90.05367045667978
f57.794647128: 30.26167628768982
p57.794647128: 90.78502886306946
f58.823050739: 30.143807031031514
p58.823050739: 90.43142109309454
f59.823284124: 29.993000083675472
p59.823284124: 89.9790002510264
f60.832835692: 29.716164038487236
p60.832835692: 89.1484921154617
f61.828749365: 30.12309280746264
p61.828749365: 90.36927842238792
